1 1 29
2 3 29
2 4 29
2 5 29
2 6 29
2 7 29
2 8 29
2 9 29
2 10 29
2 11 29
2 12 29
2 13 29
2 14 29
2 15 29
2 16 29
2 17 29
3 2 29
3 3 29
3 11 29
4 5 29
4 6 29
4 7 29
4 8 29
4 9 29
4 11 29
4 13 29
4 14 29
4 15 29
5 1 29
5 2 29
5 9 29
5 12 29
5 15 29
6 1 22
6 2 29
6 9 29
6 12 29
6 13 20
6 15 29
6 16 29
6 17 29
7 1 29
7 2 29
7 8 29
7 9 29
7 12 29
7 17 29
8 1 23
8 2 29
8 3 29
8 8 29
8 12 29
8 15 29
8 17 29
9 1 29
9 2 29
9 3 29
9 4 29
9 5 29
9 6 29
9 7 29
9 8 29
9 12 29
9 15 29
10 11 29
10 15 29
10 16 29
10 17 29
11 1 29
11 3 29
11 4 29
11 6 27
11 10 29
11 11 29
11 13 27
11 15 27
11 17 29
12 1 29
12 3 29
12 4 29
12 9 29
12 17 29
12 18 29
13 1 29
13 3 29
13 7 29
13 8 29
13 12 29
13 13 29
13 18 29
14 3 29
14 4 29
14 6 29
14 11 29
14 13 29
14 14 29
14 18 29
15 4 29
15 5 29
15 6 29
15 9 29
15 10 29
15 14 29
15 18 29
16 7 29
16 8 29
16 9 29
16 10 29
16 11 29
16 12 29
16 13 29
16 14 29
16 18 29
17 3 27
17 8 29
17 9 29
17 13 29
17 18 29
18 10 29
18 16 27
18 18 29
19 1 15
19 2 15
19 3 15
19 7 29
19 8 29
19 10 29
19 11 29
19 13 27
19 18 29
20 1 15
20 2 15
20 3 15
20 7 29
20 11 29
21 6 29
21 7 29
21 8 29
21 13 29
21 14 29
21 15 29
21 16 29
21 17 29
22 1 25
22 4 29
22 5 29
22 15 21
23 3 29
23 7 29
23 8 29
23 13 29
23 14 29
23 15 29
24 3 29
24 6 29
24 9 29
24 10 29
24 14 29
24 15 29
25 1 26
25 3 29
25 13 16
25 16 29
25 17 29
26 3 29
26 4 29
26 6 29
26 11 29
26 12 29
26 13 29
26 15 29
26 17 29
27 1 26
27 5 29
27 10 29
27 13 29
27 14 29
27 15 29
27 17 29
28 6 29
28 7 29
28 8 29
28 9 29
28 10 29
28 15 29
29 3 29
29 17 29
29 18 29
30 4 29
30 18 29
31 2 29
31 4 29
31 5 29
31 9 29
31 10 29
31 11 29
31 12 29
31 13 29
31 14 29
31 15 29
31 16 29
31 17 29
32 2 29
32 5 29
32 9 29
32 15 29
32 16 29
32 17 29
33 2 29
33 5 29
33 9 29
34 2 29
34 3 19
34 6 29
34 9 29
34 17 29
35 2 29
35 3 29
35 6 29
35 7 29
35 8 29
35 11 29
35 12 29
35 13 29
35 14 29
35 16 29
35 17 29
36 3 29
36 4 29
36 6 29
36 10 29
36 11 29
36 12 14
36 14 29
36 16 29
37 4 29
37 6 29
37 8 29
37 9 29
37 10 29
37 14 29
37 15 29
38 1 24
38 3 13
38 4 29
38 15 29
38 16 17
38 18 18
